# Tipo N Hilos E0 E1 E2 E3 Tiempo(s)
SERIAL       50       1.086784388285       3.072856449180       4.808922799755       6.294931129265       0.000591583000
OPTIMIZED       50       1.086784388285       3.072856449180       4.808922799755       6.294931129265       0.000354076000
OMP_1       50       1.086784388285       3.072856449180       4.808922799755       6.294931129265       0.000327616006
OMP_2       50       1.086784388285       3.072856449180       4.808922799755       6.294931129265       0.000339479004
OMP_3       50       1.086784388285       3.072856449180       4.808922799755       6.294931129265       0.000433335001
OMP_4       50       1.086784388285       3.072856449180       4.808922799755       6.294931129265       0.000305114001
OMP_5       50       1.086784388285       3.072856449180       4.808922799755       6.294931129265       0.000320473002
OMP_6       50       1.086784388285       3.072856449180       4.808922799755       6.294931129265       0.000416423994
OMP_7       50       1.086784388285       3.072856449180       4.808922799755       6.294931129265       0.000358625002
OMP_8       50       1.086784388285       3.072856449180       4.808922799755       6.294931129265       0.000358044002

SERIAL      100       1.086783988750       3.072851966250       4.808919943750       6.294987921250       0.001407831000
OPTIMIZED      100       1.086783988750       3.072851966250       4.808919943750       6.294987921250       0.001303013000
OMP_1      100       1.086783988750       3.072851966250       4.808919943750       6.294987921250       0.001268317006
OMP_2      100       1.086783988750       3.072851966250       4.808919943750       6.294987921250       0.001418610998
OMP_3      100       1.086783988750       3.072851966250       4.808919943750       6.294987921250       0.001791031005
OMP_4      100       1.086783988750       3.072851966250       4.808919943750       6.294987921250       0.001520512000
OMP_5      100       1.086783988750       3.072851966250       4.808919943750       6.294987921250       0.001570006003
OMP_6      100       1.086783988750       3.072851966250       4.808919943750       6.294987921250       0.001728493000
OMP_7      100       1.086783988750       3.072851966250       4.808919943750       6.294987921250       0.001215427998
OMP_8      100       1.086783988750       3.072851966250       4.808919943750       6.294987921250       0.001514611002

SERIAL      150       1.086783988750       3.072851966250       4.808919943750       6.294987921250       0.003445085000
OPTIMIZED      150       1.086783988750       3.072851966250       4.808919943750       6.294987921250       0.003829930000
OMP_1      150       1.086783988750       3.072851966250       4.808919943750       6.294987921250       0.003599486001
OMP_2      150       1.086783988750       3.072851966250       4.808919943750       6.294987921250       0.003513543998
OMP_3      150       1.086783988750       3.072851966250       4.808919943750       6.294987921250       0.003473438002
OMP_4      150       1.086783988750       3.072851966250       4.808919943750       6.294987921250       0.003689985999
OMP_5      150       1.086783988750       3.072851966250       4.808919943750       6.294987921250       0.003357740999
OMP_6      150       1.086783988750       3.072851966250       4.808919943750       6.294987921250       0.003574479000
OMP_7      150       1.086783988750       3.072851966250       4.808919943750       6.294987921250       0.003589496999
OMP_8      150       1.086783988750       3.072851966250       4.808919943750       6.294987921250       0.003767211005

SERIAL      200       1.086783988750       3.072851966250       4.808919943750       6.294987921249       0.008977399000
OPTIMIZED      200       1.086783988750       3.072851966250       4.808919943750       6.294987921249       0.008358215000
OMP_1      200       1.086783988750       3.072851966250       4.808919943750       6.294987921249       0.007781929002
OMP_2      200       1.086783988750       3.072851966250       4.808919943750       6.294987921249       0.007897026000
OMP_3      200       1.086783988750       3.072851966250       4.808919943750       6.294987921249       0.007628170002
OMP_4      200       1.086783988750       3.072851966250       4.808919943750       6.294987921249       0.007749148004
OMP_5      200       1.086783988750       3.072851966250       4.808919943750       6.294987921249       0.008096190999
OMP_6      200       1.086783988750       3.072851966250       4.808919943750       6.294987921249       0.008079799998
OMP_7      200       1.086783988750       3.072851966250       4.808919943750       6.294987921249       0.007737997003
OMP_8      200       1.086783988750       3.072851966250       4.808919943750       6.294987921249       0.008132367999

SERIAL      250       1.086783988750       3.072851966250       4.808919943750       6.294987921249       0.015135522000
OPTIMIZED      250       1.086783988750       3.072851966250       4.808919943750       6.294987921249       0.014253452000
OMP_1      250       1.086783988750       3.072851966250       4.808919943750       6.294987921250       0.014261646997
OMP_2      250       1.086783988750       3.072851966250       4.808919943750       6.294987921250       0.014153454002
OMP_3      250       1.086783988750       3.072851966250       4.808919943750       6.294987921250       0.014396500999
OMP_4      250       1.086783988750       3.072851966250       4.808919943750       6.294987921250       0.014645941003
OMP_5      250       1.086783988750       3.072851966250       4.808919943750       6.294987921250       0.014836670001
OMP_6      250       1.086783988750       3.072851966250       4.808919943750       6.294987921250       0.013836757003
OMP_7      250       1.086783988750       3.072851966250       4.808919943750       6.294987921250       0.014683161004
OMP_8      250       1.086783988750       3.072851966250       4.808919943750       6.294987921250       0.014870083003

SERIAL      300       1.086783988750       3.072851966250       4.808919943750       6.294987921249       0.025132010000
OPTIMIZED      300       1.086783988750       3.072851966250       4.808919943750       6.294987921249       0.025509691000
OMP_1      300       1.086783988750       3.072851966250       4.808919943750       6.294987921249       0.024138159002
OMP_2      300       1.086783988750       3.072851966250       4.808919943750       6.294987921249       0.024146625998
OMP_3      300       1.086783988750       3.072851966250       4.808919943750       6.294987921249       0.023791277003
OMP_4      300       1.086783988750       3.072851966250       4.808919943750       6.294987921249       0.024919219002
OMP_5      300       1.086783988750       3.072851966250       4.808919943750       6.294987921249       0.023834447995
OMP_6      300       1.086783988750       3.072851966250       4.808919943750       6.294987921249       0.023836881999
OMP_7      300       1.086783988750       3.072851966250       4.808919943750       6.294987921249       0.024631348002
OMP_8      300       1.086783988750       3.072851966250       4.808919943750       6.294987921249       0.024289975001

SERIAL      400       1.086783988751       3.072851966249       4.808919943750       6.294987921249       0.056990854000
OPTIMIZED      400       1.086783988750       3.072851966250       4.808919943750       6.294987921249       0.055128880000
OMP_1      400       1.086783988750       3.072851966250       4.808919943749       6.294987921249       0.057946173001
OMP_2      400       1.086783988750       3.072851966250       4.808919943749       6.294987921249       0.056266059997
OMP_3      400       1.086783988750       3.072851966250       4.808919943749       6.294987921249       0.055008783995
OMP_4      400       1.086783988750       3.072851966250       4.808919943749       6.294987921249       0.054646522003
OMP_5      400       1.086783988750       3.072851966250       4.808919943749       6.294987921249       0.056217288999
OMP_6      400       1.086783988750       3.072851966250       4.808919943749       6.294987921249       0.056480553998
OMP_7      400       1.086783988750       3.072851966250       4.808919943749       6.294987921249       0.053265171002
OMP_8      400       1.086783988750       3.072851966250       4.808919943749       6.294987921249       0.056190057003

SERIAL      500       1.086783988750       3.072851966250       4.808919943749       6.294987921250       0.109976038000
OPTIMIZED      500       1.086783988751       3.072851966250       4.808919943750       6.294987921249       0.109702663000
OMP_1      500       1.086783988750       3.072851966250       4.808919943750       6.294987921250       0.109057649999
OMP_2      500       1.086783988750       3.072851966250       4.808919943750       6.294987921250       0.108490011000
OMP_3      500       1.086783988750       3.072851966250       4.808919943750       6.294987921250       0.111346427999
OMP_4      500       1.086783988750       3.072851966250       4.808919943750       6.294987921250       0.113920563999
OMP_5      500       1.086783988750       3.072851966250       4.808919943750       6.294987921250       0.112366779002
OMP_6      500       1.086783988750       3.072851966250       4.808919943750       6.294987921250       0.114810809995
OMP_7      500       1.086783988750       3.072851966250       4.808919943750       6.294987921250       0.107734539000
OMP_8      500       1.086783988750       3.072851966250       4.808919943750       6.294987921250       0.110426877996

