# Tipo N Hilos E0 E1 E2 E3 Tiempo(s)
SERIAL       50       1.086783988749       3.072851966241       4.808919943730       6.294987921285       0.000597585000
OPTIMIZED       50       1.086783988749       3.072851966241       4.808919943730       6.294987921285       0.000567929000
OMP_1       50       1.086783988749       3.072851966241       4.808919943730       6.294987921285       0.000716399001
OMP_2       50       1.086783988749       3.072851966241       4.808919943730       6.294987921285       0.000934427997
OMP_3       50       1.086783988749       3.072851966241       4.808919943730       6.294987921285       0.000750482999
OMP_4       50       1.086783988749       3.072851966241       4.808919943730       6.294987921285       0.000721438002
OMP_5       50       1.086783988749       3.072851966241       4.808919943730       6.294987921285       0.000548042000
OMP_6       50       1.086783988749       3.072851966241       4.808919943730       6.294987921285       0.000822307004
OMP_7       50       1.086783988749       3.072851966241       4.808919943730       6.294987921285       0.000719162999
OMP_8       50       1.086783988749       3.072851966241       4.808919943730       6.294987921285       0.000625837005

SERIAL      100       1.086783988750       3.072851966250       4.808919943749       6.294987921249       0.003822894000
OPTIMIZED      100       1.086783988750       3.072851966250       4.808919943749       6.294987921249       0.003176508000
OMP_1      100       1.086783988750       3.072851966250       4.808919943749       6.294987921249       0.002830887999
OMP_2      100       1.086783988750       3.072851966250       4.808919943749       6.294987921249       0.002282676003
OMP_3      100       1.086783988750       3.072851966250       4.808919943749       6.294987921249       0.003012991001
OMP_4      100       1.086783988750       3.072851966250       4.808919943749       6.294987921249       0.002226750999
OMP_5      100       1.086783988750       3.072851966250       4.808919943749       6.294987921249       0.002222101997
OMP_6      100       1.086783988750       3.072851966250       4.808919943749       6.294987921249       0.002574996004
OMP_7      100       1.086783988750       3.072851966250       4.808919943749       6.294987921249       0.002241588998
OMP_8      100       1.086783988750       3.072851966250       4.808919943749       6.294987921249       0.002600954998

SERIAL      150       1.086783988750       3.072851966250       4.808919943749       6.294987921249       0.009193512000
OPTIMIZED      150       1.086783988750       3.072851966250       4.808919943749       6.294987921249       0.010451950000
OMP_1      150       1.086783988750       3.072851966250       4.808919943749       6.294987921249       0.007170795005
OMP_2      150       1.086783988750       3.072851966250       4.808919943749       6.294987921249       0.007458867003
OMP_3      150       1.086783988750       3.072851966250       4.808919943749       6.294987921249       0.006547071003
OMP_4      150       1.086783988750       3.072851966250       4.808919943749       6.294987921249       0.007284189000
OMP_5      150       1.086783988750       3.072851966250       4.808919943749       6.294987921249       0.006305928000
OMP_6      150       1.086783988750       3.072851966250       4.808919943749       6.294987921249       0.006202413002
OMP_7      150       1.086783988750       3.072851966250       4.808919943749       6.294987921249       0.006968444002
OMP_8      150       1.086783988750       3.072851966250       4.808919943749       6.294987921249       0.006418500001

SERIAL      200       1.086783988750       3.072851966250       4.808919943749       6.294987921249       0.021617744000
OPTIMIZED      200       1.086783988750       3.072851966250       4.808919943749       6.294987921249       0.014986685000
OMP_1      200       1.086783988750       3.072851966250       4.808919943749       6.294987921249       0.013484548006
OMP_2      200       1.086783988750       3.072851966250       4.808919943749       6.294987921249       0.015577236001
OMP_3      200       1.086783988750       3.072851966250       4.808919943749       6.294987921249       0.013904879001
OMP_4      200       1.086783988750       3.072851966250       4.808919943749       6.294987921249       0.014003103002
OMP_5      200       1.086783988750       3.072851966250       4.808919943749       6.294987921249       0.014292308006
OMP_6      200       1.086783988750       3.072851966250       4.808919943749       6.294987921249       0.013264934001
OMP_7      200       1.086783988750       3.072851966250       4.808919943749       6.294987921249       0.013360794001
OMP_8      200       1.086783988750       3.072851966250       4.808919943749       6.294987921249       0.015090711000

SERIAL      250       1.086783988750       3.072851966250       4.808919943749       6.294987921249       0.040931522000
OPTIMIZED      250       1.086783988750       3.072851966250       4.808919943749       6.294987921249       0.028415327000
OMP_1      250       1.086783988750       3.072851966250       4.808919943749       6.294987921249       0.026261122999
OMP_2      250       1.086783988750       3.072851966250       4.808919943749       6.294987921249       0.026462921996
OMP_3      250       1.086783988750       3.072851966250       4.808919943749       6.294987921249       0.025603073998
OMP_4      250       1.086783988750       3.072851966250       4.808919943749       6.294987921249       0.025834399996
OMP_5      250       1.086783988750       3.072851966250       4.808919943749       6.294987921249       0.025514927998
OMP_6      250       1.086783988750       3.072851966250       4.808919943749       6.294987921249       0.026115157998
OMP_7      250       1.086783988750       3.072851966250       4.808919943749       6.294987921249       0.025601942005
OMP_8      250       1.086783988750       3.072851966250       4.808919943749       6.294987921249       0.025273484003

SERIAL      300       1.086783988750       3.072851966250       4.808919943749       6.294987921249       0.070404389000
OPTIMIZED      300       1.086783988750       3.072851966250       4.808919943749       6.294987921249       0.046500112000
OMP_1      300       1.086783988750       3.072851966250       4.808919943749       6.294987921249       0.042790501000
OMP_2      300       1.086783988750       3.072851966250       4.808919943749       6.294987921249       0.044115173005
OMP_3      300       1.086783988750       3.072851966250       4.808919943749       6.294987921249       0.043688309997
OMP_4      300       1.086783988750       3.072851966250       4.808919943749       6.294987921249       0.043479747997
OMP_5      300       1.086783988750       3.072851966250       4.808919943749       6.294987921249       0.043831700001
OMP_6      300       1.086783988750       3.072851966250       4.808919943749       6.294987921249       0.042898605003
OMP_7      300       1.086783988750       3.072851966250       4.808919943749       6.294987921249       0.040384142005
OMP_8      300       1.086783988750       3.072851966250       4.808919943749       6.294987921249       0.041748430005

SERIAL      350       1.086783988750       3.072851966250       4.808919943749       6.294987921249       0.110323636000
OPTIMIZED      350       1.086783988750       3.072851966250       4.808919943749       6.294987921249       0.072611233000
OMP_1      350       1.086783988750       3.072851966250       4.808919943749       6.294987921249       0.068826028997
OMP_2      350       1.086783988750       3.072851966250       4.808919943749       6.294987921249       0.067785842002
OMP_3      350       1.086783988750       3.072851966250       4.808919943749       6.294987921249       0.070615185999
OMP_4      350       1.086783988750       3.072851966250       4.808919943749       6.294987921249       0.069066472002
OMP_5      350       1.086783988750       3.072851966250       4.808919943749       6.294987921249       0.067177857003
OMP_6      350       1.086783988750       3.072851966250       4.808919943749       6.294987921249       0.068422590004
OMP_7      350       1.086783988750       3.072851966250       4.808919943749       6.294987921249       0.067617285000
OMP_8      350       1.086783988750       3.072851966250       4.808919943749       6.294987921249       0.067116902996

SERIAL      400       1.086783988750       3.072851966250       4.808919943749       6.294987921249       0.179261406000
OPTIMIZED      400       1.086783988750       3.072851966250       4.808919943749       6.294987921249       0.105792229000
OMP_1      400       1.086783988750       3.072851966250       4.808919943749       6.294987921249       0.099208890002
OMP_2      400       1.086783988750       3.072851966250       4.808919943749       6.294987921249       0.099580297996
OMP_3      400       1.086783988750       3.072851966250       4.808919943749       6.294987921249       0.096591353002
OMP_4      400       1.086783988750       3.072851966250       4.808919943749       6.294987921249       0.097377733000
OMP_5      400       1.086783988750       3.072851966250       4.808919943749       6.294987921249       0.094557646000
OMP_6      400       1.086783988750       3.072851966250       4.808919943749       6.294987921249       0.096510351003
OMP_7      400       1.086783988750       3.072851966250       4.808919943749       6.294987921249       0.096091742998
OMP_8      400       1.086783988750       3.072851966250       4.808919943749       6.294987921249       0.097078560000

