# Tipo N Hilos E0 E1 E2 E3 Tiempo(s)
SERIAL      100       1.086999255554       3.075467328343       4.816750328105       6.309012722957       0.010418202000
OPTIMIZED      100       0.040329331934       0.503840410650       0.960668337762       1.160108757317       0.001437997000
OMP_1      100       1.086999255554       3.075467328343       4.816750328105       6.309012722957       0.010403936001
OMP_2      100       1.086999255554       3.075467328343       4.816750328105       6.309012722957       0.005033625996
OMP_3      100       1.086999255554       3.075467328343       4.816750328105       6.309012722957       0.003251260001
OMP_4      100       1.086999255554       3.075467328343       4.816750328105       6.309012722957       0.002427799998
OMP_5      100       1.086999255554       3.075467328343       4.816750328105       6.309012722957       0.002095604999
OMP_6      100       1.086999255554       3.075467328343       4.816750328105       6.309012722957       0.001683970004
OMP_7      100       1.086999255554       3.075467328343       4.816750328105       6.309012722957       0.001561820005
OMP_8      100       1.086999255554       3.075467328343       4.816750328105       6.309012722957       0.001370990001

SERIAL      200       1.086803797686       3.073075163557       4.809630072575       6.296365775925       0.021926166000
OPTIMIZED      200       0.450285520494       0.915559947670       1.153598377764       1.398610756338       0.003443462000
OMP_1      200       1.086803797686       3.073075163557       4.809630072575       6.296365775925       0.019186087004
OMP_2      200       1.086803797686       3.073075163557       4.809630072575       6.296365775925       0.009643984995
OMP_3      200       1.086803797686       3.073075163557       4.809630072575       6.296365775925       0.006762931000
OMP_4      200       1.086803797686       3.073075163557       4.809630072575       6.296365775925       0.004964075000
OMP_5      200       1.086803797686       3.073075163557       4.809630072575       6.296365775925       0.004068688999
OMP_6      200       1.086803797686       3.073075163557       4.809630072575       6.296365775925       0.003369382001
OMP_7      200       1.086803797686       3.073075163557       4.809630072575       6.296365775925       0.002851106998
OMP_8      200       1.086803797686       3.073075163557       4.809630072575       6.296365775925       0.002542727001

SERIAL      300       1.086792564071       3.072927078013       4.809163690046       6.295490702358       0.035088032000
OPTIMIZED      300       0.447485941470       0.913106659472       1.151566073358       1.396586198270       0.004942194000
OMP_1      300       1.086792564071       3.072927078013       4.809163690046       6.295490702358       0.029264640005
OMP_2      300       1.086792564071       3.072927078013       4.809163690046       6.295490702358       0.014643907001
OMP_3      300       1.086792564071       3.072927078013       4.809163690046       6.295490702358       0.010089853997
OMP_4      300       1.086792564071       3.072927078013       4.809163690046       6.295490702358       0.007515297999
OMP_5      300       1.086792564071       3.072927078013       4.809163690046       6.295490702358       0.006227322003
OMP_6      300       1.086792564071       3.072927078013       4.809163690046       6.295490702358       0.005075093999
OMP_7      300       1.086792564071       3.072927078013       4.809163690046       6.295490702358       0.004323308996
OMP_8      300       1.086792564071       3.072927078013       4.809163690046       6.295490702358       0.003798701000

SERIAL      400       1.086790647048       3.072901456311       4.809082187735       6.295336360527       0.047212335000
OPTIMIZED      400       0.447017841518       0.912695042551       1.151198736370       1.396247500479       0.006633508000
OMP_1      400       1.086790647048       3.072901456311       4.809082187735       6.295336360527       0.038423861006
OMP_2      400       1.086790647048       3.072901456311       4.809082187735       6.295336360527       0.019154547997
OMP_3      400       1.086790647048       3.072901456311       4.809082187735       6.295336360527       0.012979522995
OMP_4      400       1.086790647048       3.072901456311       4.809082187735       6.295336360527       0.009762988004
OMP_5      400       1.086790647048       3.072901456311       4.809082187735       6.295336360527       0.007983989999
OMP_6      400       1.086790647048       3.072901456311       4.809082187735       6.295336360527       0.006588182005
OMP_7      400       1.086790647048       3.072901456311       4.809082187735       6.295336360527       0.005789178002
OMP_8      400       1.086790647048       3.072901456311       4.809082187735       6.295336360527       0.005138952998

SERIAL      500       1.086790120488       3.072894382937       4.809059606171       6.295293456090       0.059738135000
OPTIMIZED      500       0.446890238106       0.912582714975       1.151096294820       1.396155150354       0.008259919000
OMP_1      500       1.086790120488       3.072894382937       4.809059606171       6.295293456090       0.047548929993
OMP_2      500       1.086790120488       3.072894382937       4.809059606171       6.295293456090       0.023735071001
OMP_3      500       1.086790120488       3.072894382937       4.809059606171       6.295293456090       0.016035537003
OMP_4      500       1.086790120488       3.072894382937       4.809059606171       6.295293456090       0.012126968999
OMP_5      500       1.086790120488       3.072894382937       4.809059606171       6.295293456090       0.010013200001
OMP_6      500       1.086790120488       3.072894382937       4.809059606171       6.295293456090       0.008799865995
OMP_7      500       1.086790120488       3.072894382937       4.809059606171       6.295293456090       0.007700536000
OMP_8      500       1.086790120488       3.072894382937       4.809059606171       6.295293456090       0.006813325999

SERIAL      700       1.086789849495       3.072890732268       4.809047928038       6.295271227168       0.083936848000
OPTIMIZED      700       0.446824847639       0.912525120080       1.151043182194       1.396107818901       0.011124952000
OMP_1      700       1.086789849495       3.072890732268       4.809047928038       6.295271227168       0.066701073003
OMP_2      700       1.086789849495       3.072890732268       4.809047928038       6.295271227168       0.033567950995
OMP_3      700       1.086789849495       3.072890732268       4.809047928038       6.295271227168       0.022587721003
OMP_4      700       1.086789849495       3.072890732268       4.809047928038       6.295271227168       0.017002526998
OMP_5      700       1.086789849495       3.072890732268       4.809047928038       6.295271227168       0.013798745000
OMP_6      700       1.086789849495       3.072890732268       4.809047928038       6.295271227168       0.011598303994
OMP_7      700       1.086789849495       3.072890732268       4.809047928038       6.295271227168       0.010091015996
OMP_8      700       1.086789849495       3.072890732268       4.809047928038       6.295271227168       0.009431423998

SERIAL     1000       1.086789776872       3.072889751861       4.809044787148       6.295265240501       0.118326767000
OPTIMIZED     1000       0.446807379425       0.912509728014       1.151028876483       1.396095173657       0.015827114000
OMP_1     1000       1.086789776872       3.072889751861       4.809044787148       6.295265240501       0.095570117999
OMP_2     1000       1.086789776872       3.072889751861       4.809044787148       6.295265240501       0.047554158999
OMP_3     1000       1.086789776872       3.072889751861       4.809044787148       6.295265240501       0.032238217995
OMP_4     1000       1.086789776872       3.072889751861       4.809044787148       6.295265240501       0.024710867001
OMP_5     1000       1.086789776872       3.072889751861       4.809044787148       6.295265240501       0.020039493007
OMP_6     1000       1.086789776872       3.072889751861       4.809044787148       6.295265240501       0.017951873000
OMP_7     1000       1.086789776872       3.072889751861       4.809044787148       6.295265240501       0.015618070000
OMP_8     1000       1.086789776872       3.072889751861       4.809044787148       6.295265240501       0.014490859001

SERIAL     1500       1.086789758438       3.072889502719       4.809043988352       6.295263716875       0.178999301000
OPTIMIZED     1500       0.446802952945       0.912505826771       1.151025235951       1.396091969073       0.023036706000
OMP_1     1500       1.086789758438       3.072889502719       4.809043988352       6.295263716875       0.140235250001
OMP_2     1500       1.086789758438       3.072889502719       4.809043988352       6.295263716875       0.071473557000
OMP_3     1500       1.086789758438       3.072889502719       4.809043988352       6.295263716875       0.048457520003
OMP_4     1500       1.086789758438       3.072889502719       4.809043988352       6.295263716875       0.039169165000
OMP_5     1500       1.086789758438       3.072889502719       4.809043988352       6.295263716875       0.031479960002
OMP_6     1500       1.086789758438       3.072889502719       4.809043988352       6.295263716875       0.026725360003
OMP_7     1500       1.086789758438       3.072889502719       4.809043988352       6.295263716875       0.023359091996
OMP_8     1500       1.086789758438       3.072889502719       4.809043988352       6.295263716875       0.020649211998

SERIAL     2000       1.086789755334       3.072889460750       4.809043853740       6.295263460026       0.231832729000
OPTIMIZED     2000       0.446802208245       0.912505170405       1.151024622381       1.396091430008       0.030930185000
OMP_1     2000       1.086789755334       3.072889460750       4.809043853740       6.295263460026       0.187346995997
OMP_2     2000       1.086789755334       3.072889460750       4.809043853740       6.295263460026       0.094477832994
OMP_3     2000       1.086789755334       3.072889460750       4.809043853740       6.295263460026       0.065203373997
OMP_4     2000       1.086789755334       3.072889460750       4.809043853740       6.295263460026       0.050662571004
OMP_5     2000       1.086789755334       3.072889460750       4.809043853740       6.295263460026       0.041613295994
OMP_6     2000       1.086789755334       3.072889460750       4.809043853740       6.295263460026       0.036305244001
OMP_7     2000       1.086789755334       3.072889460750       4.809043853740       6.295263460026       0.031335297994
OMP_8     2000       1.086789755334       3.072889460750       4.809043853740       6.295263460026       0.028021919999

