# Tipo N Hilos E0 E1 E2 E3 Tiempo(s)
SERIAL      100       1.082673142988       3.056195552301       4.774576991154       6.244161231343       0.001254481000
OPTIMIZED      100       1.082673142988       3.056195552301       4.774576991154       6.244161231343       0.013769624000
OMP_1      100       1.082673142988       3.056195552301       4.774576991154       6.244161231343       0.001225667002
OMP_2      100       1.082673142988       3.056195552301       4.774576991154       6.244161231343       0.001316937996
OMP_3      100       1.082673142988       3.056195552301       4.774576991154       6.244161231343       0.001167126997
OMP_4      100       1.082673142988       3.056195552301       4.774576991154       6.244161231343       0.001171255004
OMP_5      100       1.082673142988       3.056195552301       4.774576991154       6.244161231343       0.001203684995
OMP_6      100       1.082673142988       3.056195552301       4.774576991154       6.244161231343       0.001196842997
OMP_7      100       1.082673142988       3.056195552301       4.774576991154       6.244161231343       0.001749212002
OMP_8      100       1.082673142988       3.056195552301       4.774576991154       6.244161231343       0.001509219997

SERIAL      200       1.085753611747       3.068700127868       4.800428259815       6.282551681520       0.007069135000
OPTIMIZED      200       1.085753611748       3.068700127868       4.800428259815       6.282551681520       0.000502335000
OMP_1      200       1.085753611747       3.068700127868       4.800428259815       6.282551681520       0.007206642003
OMP_2      200       1.085753611747       3.068700127868       4.800428259815       6.282551681520       0.007526565001
OMP_3      200       1.085753611747       3.068700127868       4.800428259815       6.282551681520       0.007471862002
OMP_4      200       1.085753611747       3.068700127868       4.800428259815       6.282551681520       0.006816418994
OMP_5      200       1.085753611747       3.068700127868       4.800428259815       6.282551681520       0.006907880001
OMP_6      200       1.085753611747       3.068700127868       4.800428259815       6.282551681520       0.008841058996
OMP_7      200       1.085753611747       3.068700127868       4.800428259815       6.282551681520       0.006790328996
OMP_8      200       1.085753611747       3.068700127868       4.800428259815       6.282551681520       0.007330244996

SERIAL      300       1.086327985677       3.071023450455       4.805209042956       6.289610438074       0.021606282000
OPTIMIZED      300       1.086327985677       3.071023450455       4.805209042956       6.289610438074       0.001056128000
OMP_1      300       1.086327985677       3.071023450455       4.805209042956       6.289610438074       0.022426125994
OMP_2      300       1.086327985677       3.071023450455       4.805209042956       6.289610438074       0.022359430004
OMP_3      300       1.086327985677       3.071023450455       4.805209042956       6.289610438074       0.023095074997
OMP_4      300       1.086327985677       3.071023450455       4.805209042956       6.289610438074       0.022341465999
OMP_5      300       1.086327985677       3.071023450455       4.805209042956       6.289610438074       0.021849741002
OMP_6      300       1.086327985677       3.071023450455       4.805209042956       6.289610438074       0.022867596999
OMP_7      300       1.086327985677       3.071023450455       4.805209042956       6.289610438074       0.023100876002
OMP_8      300       1.086327985677       3.071023450455       4.805209042956       6.289610438074       0.022730037999

SERIAL      400       1.086529630717       3.071838493405       4.806884558461       6.292081346272       0.049506691000
OPTIMIZED      400       1.086529630717       3.071838493406       4.806884558461       6.292081346272       0.001823051000
OMP_1      400       1.086529630717       3.071838493405       4.806884558461       6.292081346272       0.048953379002
OMP_2      400       1.086529630717       3.071838493405       4.806884558461       6.292081346272       0.050602263000
OMP_3      400       1.086529630717       3.071838493405       4.806884558461       6.292081346272       0.050357353000
OMP_4      400       1.086529630717       3.071838493405       4.806884558461       6.292081346272       0.049747905003
OMP_5      400       1.086529630717       3.071838493405       4.806884558461       6.292081346272       0.049972809000
OMP_6      400       1.086529630717       3.071838493405       4.806884558461       6.292081346272       0.049658687007
OMP_7      400       1.086529630717       3.071838493405       4.806884558461       6.292081346272       0.050098194995
OMP_8      400       1.086529630717       3.071838493405       4.806884558461       6.292081346272       0.049940407000

SERIAL      500       1.086623124743       3.072216287163       4.807660918260       6.293225736161       0.097517067000
OPTIMIZED      500       1.086623124743       3.072216287164       4.807660918259       6.293225736161       0.002606726000
OMP_1      500       1.086623124743       3.072216287163       4.807660918260       6.293225736161       0.098289841000
OMP_2      500       1.086623124743       3.072216287163       4.807660918260       6.293225736161       0.095812118001
OMP_3      500       1.086623124743       3.072216287163       4.807660918260       6.293225736161       0.094675358006
OMP_4      500       1.086623124743       3.072216287163       4.807660918260       6.293225736161       0.096095130000
OMP_5      500       1.086623124743       3.072216287163       4.807660918260       6.293225736161       0.098622737998
OMP_6      500       1.086623124743       3.072216287163       4.807660918260       6.293225736161       0.096742178001
OMP_7      500       1.086623124743       3.072216287163       4.807660918260       6.293225736161       0.096050998000
OMP_8      500       1.086623124743       3.072216287163       4.807660918260       6.293225736161       0.096241936997

SERIAL      700       1.086704649040       3.072545658428       4.808337623328       6.294222962436       0.241743551000
OPTIMIZED      700       1.086704649039       3.072545658428       4.808337623328       6.294222962436       0.005228891000
OMP_1      700       1.086704649040       3.072545658428       4.808337623328       6.294222962436       0.242622735997
OMP_2      700       1.086704649040       3.072545658428       4.808337623328       6.294222962436       0.253480309002
OMP_3      700       1.086704649040       3.072545658428       4.808337623328       6.294222962436       0.252863399000
OMP_4      700       1.086704649040       3.072545658428       4.808337623328       6.294222962436       0.255507996997
OMP_5      700       1.086704649040       3.072545658428       4.808337623328       6.294222962436       0.254524235002
OMP_6      700       1.086704649040       3.072545658428       4.808337623328       6.294222962436       0.252517469002
OMP_7      700       1.086704649040       3.072545658428       4.808337623328       6.294222962436       0.250931836003
OMP_8      700       1.086704649040       3.072545658428       4.808337623328       6.294222962436       0.250481267001

SERIAL     1000       1.086748018645       3.072720857813       4.808697520886       6.294753223824       0.723455260000
OPTIMIZED     1000       1.086748018644       3.072720857813       4.808697520886       6.294753223825       0.009698954000
OMP_1     1000       1.086748018645       3.072720857813       4.808697520886       6.294753223824       0.725606531996
OMP_2     1000       1.086748018645       3.072720857813       4.808697520886       6.294753223824       0.719665754004
OMP_3     1000       1.086748018645       3.072720857813       4.808697520886       6.294753223824       0.721139690999
OMP_4     1000       1.086748018645       3.072720857813       4.808697520886       6.294753223824       0.718138495002
OMP_5     1000       1.086748018645       3.072720857813       4.808697520886       6.294753223824       0.699372369003
OMP_6     1000       1.086748018645       3.072720857813       4.808697520886       6.294753223824       0.712044141001
OMP_7     1000       1.086748018645       3.072720857813       4.808697520886       6.294753223824       0.699932639000
OMP_8     1000       1.086748018645       3.072720857813       4.808697520886       6.294753223824       0.700453211000

SERIAL     1500       1.086771192975       3.072814468807       4.808889802293       6.295036496132       2.389580294000
OPTIMIZED     1500       1.086771192974       3.072814468805       4.808889802291       6.295036496128       0.021504653000
OMP_1     1500       1.086771192975       3.072814468807       4.808889802293       6.295036496132       2.498621275998
OMP_2     1500       1.086771192975       3.072814468807       4.808889802293       6.295036496132       2.758237066002
OMP_3     1500       1.086771192975       3.072814468807       4.808889802293       6.295036496132       2.525365367001
OMP_4     1500       1.086771192975       3.072814468807       4.808889802293       6.295036496132       2.512364510003
OMP_5     1500       1.086771192975       3.072814468807       4.808889802293       6.295036496132       2.542797921000
OMP_6     1500       1.086771192975       3.072814468807       4.808889802293       6.295036496132       2.544435504999
OMP_7     1500       1.086771192975       3.072814468807       4.808889802293       6.295036496132       2.539906111997
OMP_8     1500       1.086771192975       3.072814468807       4.808889802293       6.295036496132       2.536640235994

SERIAL     2000       1.086779309988       3.072847255898       4.808957145914       6.295135703167       7.191461046000
OPTIMIZED     2000       1.086779309982       3.072847255899       4.808957145916       6.295135703170       0.038256516000
OMP_1     2000       1.086779309988       3.072847255898       4.808957145914       6.295135703167       8.056197295999
OMP_2     2000       1.086779309988       3.072847255898       4.808957145914       6.295135703167       7.587742936994
OMP_3     2000       1.086779309988       3.072847255898       4.808957145914       6.295135703167       7.884063250007
OMP_4     2000       1.086779309988       3.072847255898       4.808957145914       6.295135703167       7.527961291002
OMP_5     2000       1.086779309988       3.072847255898       4.808957145914       6.295135703167       7.210395891998
OMP_6     2000       1.086779309988       3.072847255898       4.808957145914       6.295135703167       7.952417756002
OMP_7     2000       1.086779309988       3.072847255898       4.808957145914       6.295135703167       7.893898996001
OMP_8     2000       1.086779309988       3.072847255898       4.808957145914       6.295135703167       7.017638690995

